[61758
64521
66038
65182
62069
61411
62555
64756
63140
62234
62827
62154
62996
62821
63215
61859
62084
65512
61389
62367
62468
62859
64542
62915
62999
62164
63045
62979
62803
62633
63871
61633
62991
63909
63991
61460
61715
63460
64545
63673
63789
61747
61473
61532
64037
62098
63511
61215
61672
64210
61773
63696
62387
64873
63993
62232
62897
62161
65105
61372
61699
66909
61658
61900
63184
64088
64687
66692
64304
61959
64999
62647
64315
62592
64039
62742
63675
62874
63835
61564
64341
61208
66849
63239
62606
61603
61737
61762
61574
63517
61475
62719
61511
61693
65821
61821
63418
64117
61241
61328
66397
63727
65758
63863
65922
63649
62263
61766
61446
62364
62157
61728
66256
64019
62906
61962
61166
61743
62794
64303
62960
61208
66718
61722
64430
63545
63202
62266
63572
65233
63800
65999
64443
66248
62405
64378
66889
63073
61568
61499
61623
61916
61683
64193
62644
63652
63823
63249
62853
61695
63893
61361
62591
65821
63418
64179
63424
65982
62940
62191
65408
62207
62204
61504
65074
62326
62047
64717
62177
66585
62064
62573
61158
62336
62980
66022
61395
62534
66517
61581
62421
62798
63029
65385
61280
63967
62063
63649
61876
64231
61635
64102
63456
64558
64544
61988
61950
63870
61494
66160
63202
64990
64434
62847
63484
62373
61217
61201
62333
61262
64966
62644
62451
61405
61308
61456
61747
64436
64787
62312
61379
61548
61413
61934
61657
64705
61542
61821
61290
65506
62166
61480
64126
62025
63817
63247
65855
62080
62120
61602
62786
64147
63752
64556
62089
62116
62026
65224
62836
66693
62118
62300
62606
61490
61367
64293
61830
62451
63877
62691
61663
66310
62874
65904
62749
65465
62145
64273
61861
64875
63926
66393
65769
63247
64711
62414
64276
61253
65542
62599
65206
61230
65147
61882
63358
62283
64535
65198
65167
62782
61779
64636
61823
61419
65129
62166
61522
63650
62056
63200
63728
63951
63829
61655
63122
63571
62974
61818
61718
62045
62479
61873
65401
63115
61347
61493
62805
62955
62239
64643
63601
64435
61767
62553
62241
63810
65556
63555
62041
64017
64966
61160
63409
66617
62813
64934
65798
62256
64695
62439
62145
62511
62540
63680
63801
66366
62612
63030
61380
62258
62744
63499
66240
61619
61820
61474
62041
63127
62295
63969
62459
65646
62284
63301
65005
64603
62383
64943
64939
61821
62222
63985
64737
62773
65191
61705
63140
64206
63304
64082
61617
62483
61429
61537
62438
63429
61975
66040
64444
62996
61621
61801
61269
66537
61597
61505
63031
61245
64244
63089
65902
61866
62947
64084
61333
63502
62248
64785
61856
61554
62853
65987
63969
61635
62352
61796
61716
62030
64192
63391
61542
62895
61915
63969
66559
63993
65664
61742
65076
61320
62318
64118
65611
61484
61501
64900
64264
63046
63738
61635
62452
63904
64244
62632
65611
66377
63421
64455
61616
61290
64687
64411
62043
61352
61418
61503
62905
64338
62346
65902
63186
62566
64359
61626
64264
61849
61446
61540
63209
63800
62288
63259
66084
62823
61382
63684
61672
65621
61710
65458
63400
61681
62134
66858
65153
62121
63456
62731
61234
64901
65198
64267
62907
61761
64535
63139
62787
65447
65129
63129
61620
61902
63929
64029
64811
62759
62006
62934
62723
64012
62816
62696
62936
65032
62943
63400
62211
62937
62028
62157
62466
62989
62451
61535
63575
66420
63597
61528
62329
63817
63252
61415
62026
62034
62765
62996
62673
63441
64553
64851
61968
64132
64435
65183
62764
65775
62473
61390
63663
63313
62975
62686
63983
64110
61469
64365
61710
62658
65796
65381
63031
64350
62591
64746
61845
61910
62949
64772
61734
62828
61818
62172
64309
62345
61700
61715
65954
61940
62613
63086
62133
61571
63802
62746
63305
63534
62997
63183
61240
61480
62671
62017
63513
66185
63572
62378
64393
62406
63719
65627
61981
65888
65273
62613
61630
65211
63722
62270
62275
64646
62087
65059
61676
66937
67116
65183
66141
62952
61817
64008
61712
62865
63035
61744
64093
63636
62012
62608
61802
61397
64552
62489
62339
62443
63470
64723
63427
62615
61428
63506
61622
65020
63729
62357
62304
65063
63196
62092
61683
62189
61248
64199
62518
62291
65706
63466
61965
64200
65389
64738
64812
64265
62284
64688
64509
63471
65332
63159
62617
64002
61662
66759
61259
63048
62648
64368
62789
61498
64902
62421
64439
66502
62555
62465
61549
64622
64266
63910
65891
63303
61573
66703
62232
62991
62095
62918
61795
64417
63273
63715
63845
64955
64850
62914
62498
65238
64306
62283
62579
62621
62619
62028
63180
65322
64778
63615
61890
63067
62234
65363
61778
64048
66365
61675
66004
62953
62428
62185
61532
62228
65201
63560
63351
63005
64790
63865
62138
61931
64657
62060
65321
61739
63673
61878
61420
63359
65209
61490
64532
61460
61817
62053
63340
62165
62716
62727
63692
63167
63835
64329
61615
64068
64693
65538
63092
63544
61667
65526
62718
63240
63482
63611
62769
67209
63698
62615
63610
64597
61360
61847
64415
63470
64316
61704
64725
66480
62543
63686
61542
65738
61497
63089
64635
64099
66206
64405
66689
61591
63510
64894
62811
63464
63545
63609
61752
64845
63356
62562
62767
65160
63747
62598
61427
63391
62591
61464
62632
64441
61778
63445
61564
66063
62543
62691
62565
62521
66613
61338
61896
63644
62346
63633
63727
64766
61867
62985
62496
61629
63204
61844
67202
63516
61527
65947
64629
63460
62130
63053
61433
61354
62676
62956
61580
66864
63863
61678
63197
65519
61659
66050
62513
66063
61656
63008
63342
64348
62695
65768
63274
63376
62881
61740
62431
64476
63832
63582
64614
64517
63082
64637
61667
62519
64129
61924
64854
64088
65402
62302
64550
63458
62487
64415
62415
61487
62118
62848
62606
62291
62669
61861
64746
64001
62097
63746
63194
62529
62407
61364
63133
61976
64225
63055
63678
62757
61842
64508
64870
63995
66156
61680
63359
62871
65844
62535
63290
61754
62305
66261
61371
64831
63344
63878
61289
64094
63829
65471
64464
64733
61664
61952
63997
62507
61853
65166
62148
62290
63653
63103
61693
61519
62036
63272
64817
61219
61244
62139
61845
61333
62328
63762
61863
62456
62098
61446
63523
64357
65309
62181
61347
63916
62404
65175
64656
65607
63132
63822
62945
64304
62095
61490
61262
61505
63031
64008
61236
63186
64530
63657
63794
62893
61474
62770
62726
65001
61253
61756
62248
62081
61678
62571
66738
65289
65770
61571
62544
64067
63312
63252
65113
62408
66194
62584
62012
63474
62611
66457
64437
62092
61717
61655
61852
61938
64402
61426
65141
63532
64158
62303
61766
62482
61680
62560
64791
63422
62710
66181
62192
61403
61245
64751
63551
64787
63612
65657
63393
64425
61444
61550
61151
62755
62886
63057
63143
62828
64992
63456
62932
65976
66804
61686
63969
61722
61372
61693
63796
62798
62517
63658
62096
61288
61436
64237
63244
62890
66689
64936
63167
66000
62981
62365
61289
63126
65159
61500
63320
64252
61201
62460
62021
61768
61752
62244
62270
61546
62403
61750
63203
63681
63928
63108
63460
62256
65695
65127
63638
65176
61580
61840
63820
65065
63776
62034
65050
62629
61874
62078
62326
65119
65152
63908
63581
61604
63645
63297
61737
65113
63175
62031
62044
64614
62990
62284
62027
63262
61413
63367
62440
62439
61482
66512
66251
62397
65866
66560
63213
62180
62010
62139
63181
62564
61361
62138
64214
61948
65162
61852
61661
61410
62005
61300
61151
61155
62688
62689
63637
61534
61232
62297
61302
63478
62534
63715
63542
62836
64985
64988
61048
61083
63045
66378
62100
64256
65252
62272
64382
63098
66092
65861
61320
61659
63239
61821
64537
62987
64493
62947
61294
61853
61458
65379
64388
61196
62902
62033
65513
62699
62543
63797
61275
61596
61608
65878
61625
62156
64025
63462
61220
61149
64082
65657
65283
64255
62860
61227
64400
63076
61302
63460
61225
65885
61619
61590
63636
65467
62590
65158
62562
62928
62032
61187
64532
65628
63651
62873
62412
63174
64725
62575
62530
63962
61466
62820
62216
62094
62149
63065
63795
61527
64492
63579
62670
65024
64188
61384
62652
64825
65976
61482
61761
64359
65428
63179
62989
62738
64431
62648
65878
65668
63091
63932
65485
63839
63873
61609
61658
61513
65333
61080
63606
62734
64137
61542
61581
61928
61295
61752
61404
62241
61170
63386
64028
62953
61578
63955
63223
61910
61158
63296
63641
65007
62818
62911
65302
63350
61427
63992
64131
61189
63660
64024
61649
61799
61272
61865
61773
65194
61512
64153
64838
63279
65943
66799
61593
62675
66088
62203
61957
64853
61895
63823
61127
66102
63378
61428
63770
65463
63250
61980
61168
61722
63294
62882
62293
63710
64145
65221
63603
64270
62347
61801
61568
63578
64958
64301
63593
65787
61474
63136
62865
62724
60940
66429
61761
61428
62918
61989
64315
62155
64211
63701
61454
65838
61762
62979
63449
62453
63077
66040
66348
64291
61348
63420
66305
64627
63091
66019
61245
66127
61647
65533
63942
64432
61445
61624
63160
61493
66846
64848
63431
62716
61971
63729
62841
65627
62845
62363
63016
62622
63903
65474
64815
63474
61935
62453
64801
63246
64447
64868
62191
65297
62936
62873
61590
61506
61363
65246
61154
62978
65125
63356
62259
61561
64555
62140
62836
61432
62853
62151
62209
62561
61323
61332
61578
61190
61994
63438
63011
61048
63193
62989
62244
63305
62352
63174
64072
61411
63627
63635
63142
62624
61373
64296
64430
64860
62959
65686
61115
64792
62706
64578
65274
62667
64611
63281
62153
64521
61497
61437
62746
61171
61374
61828
62096
65268
61402
63337
62246
62886
62861
61402
66042
61127
63948
64034
65694
61420
63893
61313
61876
61552
65349
63240
62397
63907
64849
62479
62154
63585
62960
66039
64108
61200
62954
62642
63091
63393
62079
63943
62060
61802
61371
63036
61719
65641
61439
64911
61938
61246
62339
61198
65598
61381
63314
64522
60998
61062
65232
63164
62344
62108
64383
61412
63755
67110
61929
61821
66149
66224
61159
63838
62394
65283
63053
63370
64952
63606
65061
63729
63931
63301
64268
64694
62041
63574
61876
62191
63457
62354
62030
62140
66103
61116
61348
62496
63136
61575
63653
62448
63283
64099
62395
61981
61584
62673
61433
62242
62565
63491
64282
61636
61680
61619
63575
64400
63082
62659
62001
65434
63261
62983
62786
62701
64929
61814
62574
63052
63606
61647
63088
63240
61119
61512
65809
62725
61499
63195
65804
64185
64630
62673
61322
63442
61181
64222
62171
62722
64049
62161
65697
62924
63513
62310
63208
65679
63519
62827
64031
62067
65541
62781
62905
66129
64779
61698
62882
63664
65229
64664
65181
66258
63358
61846
66186
62037
64525
64584
63067
61756
62694
65915
64562
61503
61184
62220
64667
64390
62441
65249
65822
62573
61938
62477
61385
62698
63175
65074
62030
63778
62988
62439
63391
61682
63041
61356
61249
63460
61496
61203
63155
64325
61615
64160
63560
61365
64419
64037
62101
61601
61609
65020
62394
62526
62841
61739
62980
63043
62065
62880
64827
61637
63835
63645
62757
62690
61561
62150
61434
62485
61543
64651
63356
62113
61629
62983
63652
62235
62141
65018
63887
61971
64613
63834
61209
62030
64163
63356
61632
63357
61459
64367
62251
61565
63617
64371
61230
62409
61756
63875
61658
62508
63761
62780
64021
62150
63035
62221
66161
61605
65545
61200
61548
64316
67014
67138
63030
64721
62434
62921
61271
62963
61265
61040
61637
64893
62780
62942
61783
63472
64167
64521
65602
63533
63500
61895
63537
62648
62472
65190
62118
61378
61898
62563
62951
66483
62161
62292
65644
61598
61868
62118
64739
65282
64495
64113
63418
63948
64853
61738
63812
65848
61228
62098
64552
62436
61338
66161
62891
65298
61772
61832
63947
64181
61288
63054
61075
62338
63987
65301
61265
64034
66261
63173
63377
62396
62088
62981
62612
62480
62552
64397
62386
63609
61388
64569
62174
65218
64340
61959
66492
61786
62513
62638
66270
61703
63623
62516
62104
61519
64886
61269
62597
63988
63896
61998
66638
62179
62387
62607
61266
65586
65825
64860
65522
63285
63151
62965
64004
63530
63125
63237
63605
63127
64133
63994
64522
62710
61979
61300
65864
63364
61517
61264
61998
63967
62120
62000
64507
62531
62027
62152
62331
61961
62641
63068
62687
62176
63756
63289
61415
62753
64799
64905
62329
62869
65216
61261
62306
62463
65711
61371
62312
61286
61710
63600
63163
62202
64395
65055
61550
64404
65800
64251
63964
63420
62699
61747
63111
62512
63525
63031
62718
62199
65072
61211
64523
63279
62024
61140
63829
63247
62763
65140
63373
66292
65115
62854
62300
65134
61689
63035
65190
62922
62993
63874
62073
62333
64083
62197
64982
61830
66248
63289
63956
62582
63140
62071
61407
61478
62658
62321
62222
64278
65042
66028
65857
61613
63991
61484
61432
64862
64428
62946
61915
61926
61583
61858
61899
61854
63262
61615
61907
62067
65017
66626
63298
61005
62210
64268
61715
62715
62418
63075
61568
65037
61948
61250
64776
63076
61734
66002
61352
62039
65405
62416
61025
65094
64576
62870
64210
63118
64291
63779
62287
63110
61661
63915
64039
64374
63607
63820
64839
64893
61957
62459
64928
62567
62901
62662
63541
64658
64836
62215
61047
62327
64903
62944
62276
61430
61035
62236
66581
62477
63061
61318
66303
61234
61338
62420
65013
62382
61661
62067
61305
61133
61117
62857
63142
65548
64419
61208
64680
64403
61722
61749
62199
63669
61923
64000
61728
63720
61376
63463
63646
62435
61444
63951
63889
65118
63857
61406
63123
63759
61819
61592
63900
63994
63166
64071
64387
62960
63935
63499
63354
65629
66086
61379
62137
62324
65884
61398
62198
63455
65891
62420
64268
64971
63188
62797
61650
61582
61447
62420
61516
63936
62454
62879
63688
61673
61803
61192
62386
62874
62827
61881
61404
62578
64482
61681
61514
65032
64947
62956
61943
64831
62391
63570
66586
62056
65254
65527
65527
62534
62572
63021
64398
62250
61308
64905
62499
62893
62675
63009
62155
64999
64134
64636
63557
61178
62508
65226
61365
65759
65763
63881
61585
62845
61971
63864
61707
63056
61122
62003
65684
63205
61669
63826
61547
63976
64311
63711
65077
63114
65621
65968
62333
63249
62538
63238
65474
62511
63460
62364
61626
62651
64395
65264
63006
63699
62223
62167
63000
62959
65034
63736
65085
63522
66617
64378
61070
65548
61340
64368
62691
64350
62919
63808
64438
64476
62012
65522
62140
63922
63115
62973
64966
61657
62116
63730
62397
63003
61925
64477
61272
61838
63286
61068
62812
61728
62705
62779
63867
62107
62949
62789
64934
65376
62102
62635
62035
61629
66404
61248
62324
63876
63811
64854
61859
64618
63542
64036
64902
65456
62156
64756
62086
65047
62963
63748
61503
61336
63322
65169
64852
61490
61628
61837
62884
64144
64458
64179
63419
62223
64404
65352
66009
62894
64283
61597
62156
64273
62546
61215
62302
62829
61735
64722
62534
61968
62760
64313
62566
64350
65383
61867
65353
62034
63736
63892
62440
62745
62991
61374
63166
61676
61952
64662
63699
62261
63197
64258
63294
62195
62092
64900
61992
61790
62622
61958
62197
61475
62681
62794
62299
61046
63615
63167
62288
61178
62971
64376
61096
64152
63673
61643
64039
61547
62685
65106
62155
61766
63460
62771
62179
61756
65384
63361
64908
61595
63803
66788
64360
63632
62808
63725
65141
63398
63620
63890
62126
61280
63549
62534
64176
61473
64269
62644
61480
63615
64272
61586
65227
62853
63433
61568
66341
62045
63683
61075
62175
61764
63621
62026
62794
62498
62798
63098
64620
62085
61857
61097
62548
65523
64426
62360
63877
65182
61878
61366
63287
61428
64170
61605
62760
62305
65648
61426
62842
62449
63694
62411
62547
62207
64374
62684
63152
64523
61821
61317
61655
64138
61339
62652
63952
61930
62660
61753
61616
61544
61716
61129
61369
63266
63956
61134
63152
61224
61079
61169
61093
61610
62224
61489
61860
62828
62114
62914
61513
61417
64883
62287
65721
62147
62518
64646
61518
61947
63371
62921
61605
65869
66220
63656
62640
61320
65745
64342
62730
61479
64195
62638
60965
63782
61170
63262
61619
64083
61694
62309
62863
61916
61072
61911
65851
62006
66204
63615
62620
63238
61078
65083
61793
61236
64804
64817
62909
62281
61469
62503
61710
63262
63866
63070
61208
64605
62820
62446
62746
61573
62369
61451
64422
61127
65683
61296
62516
63601
63746
63719
62200
65126
63727
61585
61713
64451
61317
61850
62382
61352
65690
63160
62752
61823
61144
61106
61905
63570
62246
61042
61585
63191
61223
61943
64028
61534
62181
60977
63535
65488
64627
62583
61850
60972
61731
62480
65092
62772
62285
63605
62948
61249
64491
65199
63857
65584
62581
65944
62314
61803
64730
61866
61030
61515
63682
62085
62645
61234
62397
61264
61570
62917
63702
63252
61512
61266
65954
63515
63785
61095
65310
61545
62919
61082
61216
61867
64334
61873
60976
65578
66499
61378
62020
61653
62453
61673
61882
62897
61997
64143
61747
62327
64660
63566
62642
61973
63632
62198
63221
63432
63935
62336
60901
62516
61724
65816
63962
64662
65051
62720
61518
63043
62614
62462
62971
61164
65755
63581
62916
61726
60878
61301
61649
62726
62437
61880
64972
61474
63500
62461
63485
64770
62497
63175
61444
64018
61372
61785
63627
63558
62893
61849
61568
60971
63023
65319
62210
61338
60950
63838
62008
61009
61745
64595
62504
61271
62363
62027
61622
65972
63933
61209
65925
62376
63098
62099
61719
62553
64663
62570
61393
61070
62312
63814
62649
61422
65718
61780
63657
61579
64457
65756
65006
64851
61482
64927
62700
63828
61225
62758
61641
64387
63272
61404
62955
62162
62785
61223
61021
62646
61564
61460
61718
62164
61122
64346
63890
64122
62953
62602
62585
62961
61446
64822
64103
61969
63474
61553
60871
61581
62803
62137
63135
64277
65074
61674
61212
62109
62676
61339
61429
64320
61829
63880
61664
65764
62283
65523
65792
62576
61186
63807
62111
63108
62192
61691
64216
66611
62949
61143
65372
61087
64328
62866
64732
63407
63320
62604
62358
62108
61368
62372
62512
62059
65662
64029
65568
63996
62458
64721
61196
64288
61646
66251
64099
61212
60957
62567
65528
61009
61482
63629
61820
63532
62211
63052
61365
61831
65043
63289
63188
60950
63211
64163
61572
61951
65526
61138
62613
62947
62639
62551
65172
65040
61995
63356
61700
63290
61993
63578
61354
63752
62808
62739
61884
61558
63224
63237
64130
65597
61253
62657
61442
63506
63471
61282
61147
63028
60909
63083
65580
63586
61239
64205
62398
62072
62392
64471
63259
61528
62910
62756
61711
62186
62925
62631
62690
62242
60898
61046
63558
61040
63982
62151
64124
63645
63171
63009
61873
62037
63032
63082
62110
64990
62208
62333
62194
63611
61819
61653
63265
63916
61125
63057
64946
64641
62232
61103
65773
62973
64871
63226
63654
62517
61206
61801
64191
61066
62464
62121
61965
61982
66808
62296
63498
62851
64627
61071
63745
64775
62551
61724
62251
61982
64338
64158
61165
61127
63232
66186
65221
61201
64532
61194
63835
63580
62681
64432
65008
63937
63017
63856
65017
65055
65224
64017
62757
63793
64305
63163
62043
61349
63486
62672
62763
61793
62209
62119
61103
63859
61411
62576
61317
61017
66320
61633
62364
62598
61660
63475
61794
64994
64514
63064
63863
62147
66868
63711
62563
63193
61222
63962
66067
64641
61310
61284
64991
64554
64587
64871
62418
62793
63345
61769
61177
62571
63090
61381
61694
62872
63657
61950
65643
62108
62351
63721
63397
61411
63558
62830
61130
65586
63937
64174
65240
61146
61763
66255
62402
62377
61028
61699
61813
61823
61661
61558
62394
61221
62713
61994
62380
62515
62660
62534
61418
61809
61050
63683
61969
65983
63610
62933
63744
65758
61432
61500
63337
63144
61393
64274
63703
61507
62695
61431
63497
61633
64496
62464
64056
62234
61498
64015
63991
62511
63308
65387
64999
62879
64697
64159
61524
61430
62954
62172
62169
61213
61298
62098
63527
62964
61554
63112
64784
61334
65981
63906
62371
63150
61822
61141
65278
62854
66136
61109
61386
61148
62658
64461
63405
66026
61196
62823
63585
65111
63934
64553
63235
62568
63286
61714
62760
62095
65224
62491
61531
62107
61475
65038
63610
61124
63176
64219
64081
62478
63235
62600
63588
61032
62930
65866
64233
61419
61703
61627
61340
66211
62724
65664
62970
63682
62476
62557
63933
63271
63686
63673
64604
63848
61633
63158
64109
61724
62164
64119
61663
62279
62671
61438
63946
62090
64700
62721
61835
61072
66466
61323
61218
64285
61783
62547
60931
61685
63539
64226
64288
62066
63593
62906
62600
63355
63404
64738
61610
64397
63249
63363
64255
61846
61086
61199
64271
64356
61074
60909
62167
63494
66024
63898
62819
63826
62649
64070
62177
64442
62844
62446
62705
61241
63158
61336
64186
61068
60996
62422
63463
61876
61832
64210
61030
62499
61060
62503
61994
63791
62698
61403
62378
61704
61212
61031
62481
61575
61368
62156
62463
61438
65953
64004
64389
63160
61018
62067
61271
64725
62938
64721
65008
61143
61487
61688
61824
62987
61113
61360
65934
63068
63621
64661
61280
61980
66034
62205
65031
64671
64779
63040
62432
65342
62687
62359
63230
61664
61259
61032
62303
63608
62689
64067
63696
63737
64799
61567
62987
61279
63433
61803
62895
63454
61224
61483
64729
62871
65415
61944
61303
61166
61811
65004
64203
65363
65623
61412
64012
61796
61019
63596
63135
62564
60934
62872
63586
61593
62962
64560
61008
61324
63963
61848
62325
65113
65812
61864
62855
65506
62521
62610
62965
64775
66782
61953
62746
61527
61955
63496
62657
61038
61239
63894
63310
63305
62708
61368
62359
64263
62989
64576
61572
61520
62243
64846
62197
62255
64543
62400
61342
63303
65074
60992
61429
65682
63113
63078
63113
62708
63612
61898
61701
61454
61905
61661
64580
63531
64648
61397
61091
65069
62528
62596
62176
64234
61508
62733
62585
63676
64985
63404
65062
61221
61320
65363
64262
62712
61686
61011
63556
63857
61865
63875
61513
61412
60981
61445
61653
61450
62228
61797
61357
64245
62017
61270
64131
62528
65865
61401
65284
64020
62536
64734
63002
61987
61521
64062
61444
63743
61152
63313
61757
64050
63143
61391
63389
62110
65771
65662
65408
64577
62468
62116
62744
61317
63137
61652
60982
63235
62046
61042
63179
61243
61578
63216
61409
61081
65954
65021
61574
64734
61606
61886
65680
64572
62758
65164
65117
61871
61408
66251
63877
61981
63394
61509
61241
63280
61855
65075
62991
63297
64399
62466
62111
61179
65967
61608
65783
63382
61066
64692
61940
62679
61659
60949
61243
62481
62499
64867
63646
62888
62503
62876
65145
63397
65558
61686
63485
62284
61730
63847
64843
62642
61556
62376
63028
65878
62645
63814
61842
62803
61532
64056
61267
64116
64810
65107
63064
63733
62835
64289
60957
63269
64119
63129
61154
61383
63399
61942
61198
62972
61608
63689
65405
63398
65553
65777
61736
61467
62713
63052
61225
61283
64117
61496
63336
64676
63139
61750
64468
62158
61433
64845
62866
62203
64705
63147
61876
62639
64836
62522
61154
63504
63297
61534
61718
62682
63291
63780
64132
64775
61704
65526
61527
63210
61652
62018
65551
62588
62091
62594
62075
62108
64581
62792
61846
63554
61925
66206
62773
62861
65179
61933
61333
64419
64640
66713
62753
62786
61708
64402
65008
61040
63565
63723
62365
63132
62081
62127
65798
61743
61232
63929
61215
64960
61129
63212
63934
63059
65546
64084
61243
61234
62390
64558
61543
61185
63979
62340
61308
62216
66086
61445
60993
62376
64970
63704
61533
65378
62600
61698
63725
62672
64790
66309
62836
65231
63859
63019
65414
66250
62726
63278
63021
63085
61864
63761
63274
61778
65632
64649
63194
62411
61602
61298
65801
62456
61788
64363
61691
65754
65529
64697
64210
63831
62576
63526
61297
62923
62335
61680
63558
62267
61981
61320
62316
63610
62422
65628
63757
63411
61805
62068
66174
62431
62538
61016
62297
65594
62705
61085
63561
65615
62733
61881
63160
62032
65427
62095
64589
62932
62736
66044
62486
65732
63655
66446
62216
64709
61682
63989
62369
62005
61751
61642
61614
63005
63888
61803
62046
62000
62344
62197
64124
64484
61759
62335
63244
63229
63850
66096
63932
64533
61653
61373
64816
63763
62358
64345
61916
63161
62810
61383
62824
61807
61168
65476
61728
62251
62371
63391
63163
62557
61766
64787
63383
63447
65881
62853
62504
62120
61110
62557
63194
64677
61922
64478
62844
61925
65358
64528
65748
62774
61277
65239
61634
63358
61436
65050
64575
63841
64551
64053
64832
61068
65181
62925
62405
61089
61392
64758
64375
63997
60965
63529
61346
65051
61293
63476
64241
64700
63666
63935
64786
61648
61886
65359
63509
61523
61764
64731
64576
62137
64578
63291
61554
62514
62313
64479
62168
65041
65496
64575
62903
61282
65338
65118
64068
61294
63063
61748
62303
65984
62891
61351
62255
61362
63933
61912
62385
61620
63082
63575
66371
64455
62791
62565
61194
66020
61575
61286
61539
62604
62788
63070
61989
62247
61432
64922
61210
61312
63799
62135
61814
63868
62471
62820
62222
60981
61941
64365
61952
64204
62298
61079
61804
62021
61685
64939
62181
64069
61445
62304
61044
62707
64340
63271
61461
62587
63605
64142
66766
61813
61805
63919
62154
62577
62102
61763
65555
62941
64237
61207
62689
63786
62464
61020
62186
62602
61709
62156
61901
62258
62538
66188
64717
61905
61344
64588
61373
61593
63394
61091
61036
63339
63928
65137
61582
62024
62887
60952
64679
61853
64440
63191
66140
61143
62983
66080
62395
61980
61474
61257
65619
64752
63878
63506
61855
64531
61971
61457
61751
61630
61220
62380
63443
65021
62750
64010
61376
66064
61462
64322
62924
61721
62050
62591
62555
61148
61025
64663
62911
61761
61015
61745
61289
64401
62248
64508
61994
64185
61401
63418
61914
61998
61893
61640
62794
64986
62871
61184
61007
65349
61960
60894
61265
65683
64655
63144
65341
61193
64131
63737
64673
62186
62215
60967
62870
64546
62302
62791
61897
64871
63242
64881
64186
61163
63144
61420
61021
60966
61306
63141
61238
63943
61014
61465
62635
62057
63768
61566
63520
62679
61809
66045
62688
61753
60975
62253
60845
61058
61224
65077
61562
61196
61246
62975
63125
65250
65679
62588
63320
62340
62009
62690
61017
62760
66095
61824
61442
62567
61800
60934
61684
64730
62419
63871
61635
61552
65788
63730
64829
61048
62459
61289
63427
62307
62551
61992
63518
62580
63808
64102
62257
61422
60967
63653
62743
62400
61379
63894
61694
63495
64472
64577
61298
63698
61293
61393
61335
61807
62457
63595
62657
66263
64229
62693
60992
62890
63821
65360
62129
65314
61921
61633
64039
62062
66013
62908
62636
64051
61939
64853
63074
61435
63852
63900
64971
61005
62448
65197
61841
61977
63233
63595
61350
65960
64656
61191
62767
62260
64477
61511
65684
61447
61709
62474
61904
63834
62251
64088
61553
63133
61248
63808
65143
61898
63048
65290
63962
63088
63043
62354
61935
63825
61532
62414
61523
64995
66699
62560
62259
61582
63078
61772
61397
62803
63017
63036
65109
63219
61314
61681
65145
61997
61628
65268
61631
63737
64227
61147
61191
63008
64388
62456
63122
65577
62042
61196
61303
64816
64232
61212
64228
64815
64689
61104
61526
61144
62078
66702
63239
65191
63890
62856
62779
62771
65148
62342
63629
62550
66197
61779
61317
63371
63565
61295
61847
65045
61137
62281
62361
61676
64423
62599
61029
61450
61647
63877
62488
62011
63533
63694
61892
61435
64118
63145
62263
61324
61862
61132
61799
61086
62887
62407
64250
61524
63676
63394
63277
61861
62500
63348
67036
61376
63894
65490
61865
64135
61822
62090
65337
62594
62293
63933
63032
64676
62290
62691
63020
63397
65763
64112
61911
63797
61310
63257
64694
62745
62989
63787
63844
64599
62811
63925
63295
61092
64185
61168
61246
63725
66904
61695
62581
61343
61737
61399
63683
61556
65518
66935
63845
61588
63671
61915
63474
61319
61521
62285
63535
63978
62083
64310
62758
64728
61459
62281
63938
63529
61758
62840
63189
64366
64537
62815
62283
61809
62029
65734
62449
62737
61573
61217
63015
61642
63119
62922
65970
63287
64065
65809
63084
62279
62955
62160
63618
64983
63067
62210
63699
65301
64637
62316
65256
64840
63916
62109
65383
61071
62104
61311
64241
65213
62627
61277
64932
61048
63296
61508
61272
62148
61216
61086
62247
61612
61228
65763
62414
61671
65459
61817
64994
63459
61383
64788
62339
61576
64283
64429
62463
61275
64125
62556
62516
61567
63754
64777
61500
62010
63275
61358
61320
64255
61412
63433
64770
61579
61852
62754
61119
64876
62540
63339
63029
64586
62521
63756
64861
62465
61989
64579
61198
62107
62128
64442
61107
62320
62435
61904
64146
62402
62032
64885
64374
62945
62462
62342
61926
63030
65364
61777
64125
62688
61964
66256
63666
61619
63826
66332
62027
61471
61208
61845
63956
64507
62803
61247
64348
63864
61468
63033
65728
66241
66266
63432
61970
63468
63971
61311
63753
61131
61592
62594
63819
64605
61329
61748
64767
65266
63242
62822
61146
64441
63189
63284
61499
63558
65435
62430
64387
61620
64364
65175
65069
63196
61763
62128
61347
64462
62184
61275
63412
61213
62256
61386
61748
61551
62531
65380
62084
61559
64862
63430
62400
62573
62052
62120
65583
61963
61333
61311
63392
61110
65107
63557
65072
61558
65882
61447
65802
62983
62789
62665
62194
63563
65718
64560
63642
62517
61143
64236
64392
61214
65380
61123
66368
64084
61154
63582
64343
62547
63229
61885
62168
61902
62048
61896
61969
61133
63724
61506
63458
62205
66014
62716
61625
65259
63177
65385
64633
63618
64576
64145
62348
61209
64580
63259
63081
62413
63170
61855
66998
63071
62916
61245
63701
65942
61606
62719
65731
63134
64586
61765
61955
63322
61255
62584
64452
62007
62276
62775
62455
62152
61893
61894
65209
63311
63869
63466
61462
65350
63448
62895
63508
63526
62055
61505
64295
61529
64046
62101
65435
61854
61817
63507
65187
63722
62471
65269
62093
63989
61836
62215
65938
62773
67117
62337
63539
61486
61523
63764
66329
61355
64436
62378
61094
65878
63032
61502
62079
61797
63296
62545
63160
63903
66035
65122
62429
64026
62233
63976
64771
64494
66205
64647
61578
66968
61446
64440
66276
62665
62310
61218
63101
63883
64047
65216
61172
64191
61317
62102
61927
63152
61915
61428
66294
65072
63591
61530
61229
61193
64301
63439
61781
64345
61740
62593
63405
61444
63679
65325
63586
61727
60991
62512
62164
64520
62089
63893
61040
62041
63138
63407
64232
65494
63381
65041
64749
62850
61175
65030
63627
63704
62182
63659
63045
66098
61936
63009
61759
61721
63429
63164
62075
61162
61167
65107
62540
61945
62752
65566
62283
62156
62506
61212
61794
61273
61518
63778
61728
61615
62720
61334
61827
65196
63271
62920
61156
63001
62145
61784
62675
62662
65904
61275
61927
62215
64712
61973
63253
62571
61871
61036
65018
64052
61309
62577
63446
61536
61771
63858
62448
65519
65147
61600
61155
63693
62048
64566
66473
62077
64298
61952
63420
63469
64251
61624
61181
61606
61428
63504
62223
61537
60988
62563
62309
61222
61463
63935
66080
64982
61574
64426
61574
66311
64463
63454
65513
61302
61594
63129
65026
63404
61721
66237
63188
61278
63566
62078
63369
62521
64476
62885
61286
62870
61319
62988
61110
63028
63138
62606
62473
61183
61207
61296
61108
63905
62283
63303
62965
62624
65859
62161
64372
62862
65819
62071
62512
61103
66045
61073
61940
62754
63304
62408
63526
62163
61411
63732
62797
65344
66546
62958
62132
63328
62222
61139
64228
64031
61171
63356
65995
63025
63126
61420
62308
62564
65520
62285
62378
61479
65469
64583
62917
61176
62837
62832
62742
66079
64605
62477
65458
65854
64040
64331
62104
62623
63809
61582
62608
62530
61392
62176
61833
65696
61496
61879
61603
61597
61223
62779
62527
65729
63112
61206
63290
65465
64493
62309
61721
65162
61956
61384
63039
62017
61262
63210
62223
61986
64895
65403
63895
65881
62553
61436
63568
61132
61479
62436
62577
63294
62856
62451
61138
62722
62779
62639
64742
62694
62580
62334
61294
62930
63108
64105
62217
62857
64369
63146
62013
62188
61856
61987
61987
62459
62013
62592
64217
63908
64811
64131
61601
62423
64325
64736
66234
61672
65005
64142
65863
61454
63944
61374
65595
62247
63594
62945
61584
62365
61538
64843
62081
61252
62400
62889
61868
63911
62849
64980
63215
64454
63419
65598
62412
63605
64580
62391
63209
63962
63193
61772
61301
66316
65774
61596
64266
63311
61328
65529
66163
65815
61890
64344
64784
61453
62037
64012
62966
62248
61755
64316
63035
61187
64549
63729
64667
61429
65386
66609
65810
64137
61662
64438
61281
61248
61317
63850
61654
63001
61669
61887
62997
61262
66160
64821
61835
62616
61205
62540
63627
62403
61690
65065
63739
64088
65620
62502
62143
66516
61983
63987
66395
64704
61694
62503
64366
61420
62679
63542
63022
62361
61974
63773
63865
64689
63043
65638
62056
63381
62152
64209
61570
64558
64993
64351
63196
63876
61940
61762
62901
63518
63598
63769
66665
62026
63437
66494
62739
61319
62859
62823
61462
61889
62055
64309
61749
61768
65130
62475
64737
62037
65492
62655
61121
64130
61931
61254
61977
63815
61757
64257
62426
62049
62381
65805
61334
63922
63646
65372
66168
64842
63584
61197
63009
65921
61546
63073
62657
62731
62773
62907
63019
62518
62680
65095
63535
63677
61244
65369
64312
63408
62924
65176
62359
64562
64248
62990
64068
61273
63036
63172
63465
63532
61591
64608
61814
66892
64533
63301
62495
64105
62189
61304
61908
62734
63123
63125
64026
61726
62221
61609
63336
61915
61645
65021
61892
63091
62260
62974
61819
63126
64367
61344
63549
62073
62574
62534
63296
61270
64571
61662
64820
63471
63786
64021
63961
63253
63342
62869
61707
63629
62900
61568
64584
61142
64455
63422
63699
62719
65570
66379
63074
61851
66189
65301
64046
62070
63949
63819
61762
61411
62694
61087
62290
61571
62032
64186
64083
63237
65812
62316
62010
61894
61470
62190
63744
62579
62368
62805
61675
63857
63226
64550
62508
63310
65578
61163
63925
66366
61949
64624
66471
63582
62042
66148
66887
65367
61772
62774
65600
61636
61779
61671
66218
64573
62263
61507
63206
65237
63062
65653
62671
62822
62745
61651
62462
64006
62370
62137
65040
62681
62426
64119
62993
65283
62455
61896
61931
61827
62704
66404
63699
65624
64308
62790
66511
65318
61523
61616
63172
61309
63378
64159
62578
63423
62838
61509
63912
65867
62822
63285
63193
65889
61065
64906
63381
64207
63063
61273
61085
61521
61995
67023
62277
64008
61652
61340
61072
62677
66688
61612
61365
63940
64899
66015
65415
64336
61320
63965
64967
63837
62044
62056
63390
63469
64953
61912
66424
63764
61813
65099
62418
61659
63573
63427
61933
63713
64101
63583
62941
64154
61311
64362
65686
63113
61535
64645
61469
65018
61519
61115
61633
64766
61954
62176
61793
63762
61552
62575
61946
63905
61025
61687
62227
63975
62954
62293
63529
64845
62398
62221
62992
62285
61405
62372
62052
62225
61256
63153
62161
62457
61489
62415
61814
63512
64190
62983
61780
61297
62286
61557
61157
65019
62775
62650
64461
65002
63872
63491
66849
63432
62272
61632
62319
61207
63673
63082
62266
61131
64602
64006
64641
61042
62499
62020
61660
61788
61747
64325
62774
62734
65200
63414
61338
64293
61728
63247
61698
61535
64295
63663
62198
62249
64211
62968
61292
62287
65352
62431
62795
61280
62654
62471
62281
65454
64073
63217
66714
64178
64067
63971
63601
65681
61428
62726
61225
65992
65983
65960
61667
61180
61220
64586
61952
63052
61851
62387
62876
61471
62769
62244
61695
64573
63753
63243
62813
65011
63822
61448
64240
62660
64789
65444
65499
64518
63395
62489
61825
64870
62973
62914
61520
61855
62122
61297
62505
61812
65680
63535
61631
63262
63990
61949
65888
61807
61561
63441
64320
63570
61147
63024
62630
64580
64635
63657
63455
62353
61272
61548
61967
64309
61077
62164
63038
61581
64931
64159
63437
63921
62553
61123
64221
66578
62870
64313
64375
61172
63631
61076
61762
63619
63424
64026
63161
61799
66512
61125
62581
61940
63717
67054
64732
64408
61407
63803
62644
61920
62693
65123
63881
65072
63233
62532
63940
61676
61146
65891
63673
63379
63932
63284
63050
63358
62216
63649
63960
61619
66432
61111
63953
64807
64113
61260
64463
65368
61715
62379
63976
62284
64024
65117
63863
61501
61488
66612
64643
65697
62399
66994
66653
63591
66338
62434
61402
62141
61100
64312
63241
62704
64476
62506
64094
62587
61303
61323
61687
63895
62351
61167
62612
64647
64955
62745
62026
63341
61208
63729
62111
63403
62347
62937
62000
62447
66852
64879
64900
63595
63673
62973
62362
64946
63576
65553
61983
62401
62602
61278
63570
62091
63186
61252
61141
62695
61085
65319
61639
61824
63134
62506
65653
63564
64989
62286
62947
62063
61810
61579
65019
62155
66910
61594
63641
65764
62555
65005
62708
64607
65319
61479
64681
63642
62301
64421
64923
62110
61783
62328
64858
64039
61981
61615
65827
62110
61857
61655
62218
62775
61755
61707
61168
61688
66323
65448
63885
65388
61932
61785
62257
63215
62369
62522
61895
61634
63264
65108
62563
65348
62800
63339
64069
65140
61350
64275
64218
61234
63581
61158
61754
64729
64020
62514
65992
61605
65138
62974
62104
63719
62108
66089
62339
61368
62753
65128
61422
61319
64041
64420
62250
62369
62808
62527
65430
66168
62637
61871
64088
64819
62020
62698
63469
61960
64020
64841
63801
64156
61776
63700
64274
62337
64254
63375
65298
64338
61966
63915
61524
62862
61338
64998
63176
61453
63666
63129
63006
64048
61062
61481
64695
61059
62416
66148
65924
62431
61718
64820
63654
62345
65746
62259
65626
65259
62166
65071
63330
61700
61359
61716
61404
62396
62887
65094
61824
61471
63171
63682
63343
65309
61719
62446
62052
64274
63935
66857
61807
62694
64804
61717
62675
63375
63711
62365
61123
62887
64340
63963
64454
63771
61106
62611
64777
63655
64423
64966
63619
64721
61826
62226
61549
62785
66255
63617
61719
62157
61386
62406
64583
65492
61643
62630
64681
61781
61456
61893
63656
64645
62704
63480
62512
61598
63147
62905
63454
63559
65249
62383
65753
65513
65006
63407
63274
62100
61178
62914
62484
64189
61908
65413
61392
63624
61377
61498
65757
61855
64966
64191
61167
62170
62049
62205
65693
61856
62508
66721
61511
62019
62340
66188
63082
63986
61460
65890
64110
64441
61581
62296
63929
61963
64087
62409
62436
62552
62893
64427
62391
66066
65309
61312
61762
62069
62194
66934
62642
66597
63129
65654
61404
62397
61839
61270
61591
63833
62611
61856
62127
62869
63318
64972
62861
61550
61316
63176
61889
65112
62028
62188
66324
62473
62604
64005
63960
61399
62812
61448
62138
61293
61211
63194
62435
64628
62370
63627
61270
62356
64190
61829
66356
63142
63365
62862
63903
66467
62891
64252
62445
63478
63902
61557
64496
64043
61704
63747
62333
64519
62995
63783
65158
62567
64504
65628
62222
61263
61974
61857
62894
61692
64183
64213
63274
61652
62869
61506
61381
64666
62615
62222
64067
61672
62847
64623
62032
62136
64454
63645
65366
63404
64255
62004
62275
65848
61524
62298
61312
62050
62894
61428
62757
61101
62583
64051
61555
65304
63650
63523
61483
62922
65339
66284
63341
62456
64228
63335
61685
63615
64359
63136
61518
62590
63316
62004
62148
65899
63693
62479
62517
65439
62364
64040
61065
63177
61665
63297
61442
63264
65401
63604
66642
62707
62497
64277
66169
62621
65088
61816
63770
62386
64070
66093
62739
62797
64931
62148
61047
63447
61135
65305
65497
61883
62409
61301
62516
61262
63183
65472
61263
61900
64069
61686
61924
61468
62170
63199
62767
61973
62282
61045
66185
65640
66456
62978
61627
61643
62084
61569
62854
61360
61712
61216
65531
62751
62807
63884
63942
63461
63921
65188
63262
61562
64878
63235
62021
66899
66247
64785
63208
63270
62558
62842
66461
62146
61030
64030
62436
64034
61901
61220
64783
65469
62703
63127
61244
61790
65371
61224
62401
62245
62914
61515
65484
64856
61617
61314
61908
64120
64228
64556
65926
64310
63698
62557
64196
63148
64667
63657
62804
64288
61298
63086
64132
62089
61174
64295
62727
62382
63122
64371
62816
62093
61859
64439
63008
61076
62028
61161
64338
62994
61485
63175
64837
62812
65738
66173
63506
65543
64946
65174
62241
64803
64374
63018
65843
61374
64210
64260
61615
61844
63513
63183
63839
61530
64546
63162
64258
63062
61242
63045
63662
61523
62937
61931
63525
61280
62779
62496
65646
64607
61868
62685
63988
65803
63058
62436
62626
64824
61947
63963
62547
61376
61339
64145
62649
61449
62854
64858
63242
61410
63251
63378
62685
62976
65731
62701
65274
62339
64148
66462
65384
62468
62775
63447
63108
63354
64401
61349
64361
62829
61024
65177
63765
62420
64522
63012
64024
63278
64740
63179
66088
61642
65771
62293
61733
61724
63795
64453
61219
61189
64182
63930
64875
61636
63589
62370
62022
63534
62019
63892
64580
62147
62544
66603
64585
64170
63552
63813
62505
61527
62457
64391
61359
61815
61317
64292
62860
61695
66126
64592
62855
64326
62662
62926
63122
62858
63618
61816
64632
66831
66496
62600
61562
62576
62687
61651
62062
61180
63662
64497
61640
61402
65803
64279
66696
62208
63190
64389
63972
64156
65868
61262
62860
62550
61698
63005
61061
62595
62351
61257
61857
64183
62888
61124
64629
62943
63545
65102
63647
64298
62195
61985
61940
61459
62437
63065
61764
67084
62591
61572
63174
63125
63057
65307
61277
62520
64526
62393
63189
66298
62717
61153
64791
63311
64075
61364
64045
62712
61879
64302
64101
63900
64303
62230
62395
62591
62531
61467
63287
61308
64166
64413
63895
62231
61193
62484
64186
62730
61645
66341
65876
61800
61559
63445
65947
61580
65517
61741
65012
65630
61560
62888
63292
61858
61584
62167
61602
64937
62370
61993
66391
61389
62653
61963
64684
61996
61592
62565
65999
62026
63285
62419
64324
62443
63995
62367
64388
63793
62563
61637
61880
66100
61607
64326
62930
64879
61469
64748
61835
61919
61222
61640
64826
61872
64501
62424
62543
62587
63163
61854
65509
63475
64399
61358
62725
65510
61273
64673
61643
61530
63216
62932
65420
63925
64039
63816
61689
61425
61683
64184
61798
63352
63495
61734
63038
61681
62038
65144
62238
62442
62442
62467
66683
66161
63279
65733
62479
62537
64747
62146
62446
66006
64895
62867
62089
62470
61299
65373
61315
61851
61765
63157
62194
61165
62630
63927
62260
65912
64129
65262
64243
66537
64230
66125
62026
64408
61351
62279
62897
62235
61327
63276
61290
62111
62697
61820
62023
64846
63184
65848
65030
63141
62926
61511
62439
61355
62149
63964
61767
64410
61529
61352
63932
65280
63704
64907
62155
62437
62396
62009
63757
61970
65539
62387
65126
61807
64145
64861
61587
63776
62169
63471
62387
63231
63695
62689
61500
63042
62709
61396
64051
65543
62796
65260
61462
63242
62325
67214
61553
64220
62820
64172
65733
64465
64168
62929
62572
64099
62178
63626
63326
61233
64304
63617
61308
62822
62151
66436
62551
61556
62334
63540
64393
63541
62549
61962
61993
63351
62511
63836
62203
62217
61646
62485
61841
61976
65518
61670
64959
62970
62885
63471
62322
63955
64574
62604
63154
61596
66623
63101
64089
61669
61081
61903
63983
61602
66940
62895
63356
64690
64451
65782
61879
62677
66548
62025
63539
61879
65030
65000
62825
65915
66019
62676
66438
62114
63791
64993
62128
62744
61207
65773
63558
61386
64159
65393
66697
61111
64308
62955
62536
63990
64156
63340
64941
62825
61970
61343
65283
66173
64097
62493
65598
63300
63358
64646
62135
62840
64134
62875
64209
61575
61980
64842
62150
61473
63084
61396
63406
62564
62060
62587
62439
65002
61318
63938
61594
65203
61598
65162
62000
61155
62090
61507
63698
63901
62208
63055
65538
62267
62858
61509
66002
61374
63605
66150
62371
62374
61890
62852
63701
62244
61802
62661
65689
62252
65517
62510
61295
62484
62439
64640
61556
62091
63396
66257
63163
63305
62659
64468
61284
63823
62931
65480
62238
61565
62693
62372
63618
64876
63422
62091
61771
62219
64385
66044
61378
66404
64146
62590
63806
61432
61492
61452
62053
64688
62947
61312
61368
62239
61185
64402
63710
62485
61750
63689
61377
61197
61677
62809
62708
61376
64101
62815
66020
62773
61314
63715
63518
61296
65893
62023
61813
65486
62830
65756
62197
64750
62386
62979
61163
61248
63300
61816
63117
61109
61596
66127
63615
65165
62420
63577
62290
63755
63617
64929
61405
62213
63603
61515
61541
62461
62912
62708
62432
63187
61509
65951
65266
63213
64356
64815
61747
62227
63255
62392
62527
65548
65960
63916
64118
62921
64967
64684
64515
61419
61363
62276
62708
62365
62272
61116
62424
64269
61226
65504
66243
63155
64448
65706
61813
65254
61504
63411
61719
63338
64634
65193
66190
61383
64300
61265
63727
61411
65811
64057
61501
61990
62418
61506
65630
63669
65514
65582
61977
64776
64832
62155
61319
65277
63492
61494
63144
62942
62172
61636
64665
65232
65854
63312
63884
63738
65148
62088
64772
62404
63997
67005
64732
63617
65672
64281
65113
63229
61908
62545
63001
61981
62039
64136
61825
61315
65856
62020
64312
63839
63006
61532
62666
63317
63672
63732
61666
62437
61134
62105
66113
63317
62385
61361
64798
64365
64216
63943
65139
63670
63035
61228
63950
61905
62032
66372
63077
64547
61721
64521
61612
61702
61169
64196
63603
62401
62693
62034
65797
64230
63381
67111
62261
63680
61753
61132
62692
63129
63119
63075
63419
61431
66288
63057
62015
61507
62617
63709
61483
62671
61210
61627
62734
63726
61829
63349
61609
63943
64950
61360
66215
62236
63722
61520
61424
61490
65317
62815
61230
64111
65796
61302
62858
61858
65748
64931
64765
63405
63971
62358
64011
61330
63255
63459
65273
64834
64069
61347
66387
61705
61348
61281
65744
63259
61612
62526
64616
64885
63234
63935
63190
63368
63256
64954
63226
61610
65984
61834
63360
64208
64168
66741
61601
66143
64710
63685
65251
63166
63698
63426
63112
63503
61427
62531
65124
66615
61441
62455
61952
61605
62880
65986
63351
62695
65568
63034
62412
63830
61463
63031
61767
61316
63391
62895
62227
61266
63823
64853
64338
61939
62850
64514
64063
61942
62798
62897
65284
66795
63932
63148
65864
62232
66338
62437
62816
61384
61819
61939
62999
61206
63055
64951
62993
61641
64643
64591
63535
64374
62425
61617
62947
66621
61990
61425
64871
62314
61608
62794
65927
61478
63384
65168
66808
64698
62989
65157
64746
62557
63386
62511
61802
63955
64956
61558
62264
63260
62950
64874
61595
64040
61568
61631
63323
62053
61385
61631
62598
62126
62910
63585
66623
65539
62856
61574
63119
62233
62121
64761
61573
65349
61531
61915
62417
62134
65585
61548
61641
64115
62372
61422
64882
61801
65955
66345
61297
65033
63952
64008
63926
62265
62636
63159
65521
61643
64351
66368
61651
64205
61604
65098
62431
62672
65429
61330
66845
61278
63062
63679
64380
62878
63273
62482
62943
63365
62003
62032
62058
63693
62608
63186
63880
62275
63800
61385
64067
65539
64542
63715
61816
61369
63236
61890
63144
64219
63838
63542
62304
62268
66448
63517
63118
66501
61220
61972
64483
62071
62279
61658
63708
62258
63020
64461
62818
63122
62402
64145
62078
62719
62043
61732
62705
63802
63194
63622
61938
61657
63206
64702
63225
62088
64933
61881
64033
62241
61875
62184
61289
64875
61657
62917
62115
65323
62139
63172
63822
63974
63240
62685
62942
61321
61570
65853
61735
62460
64307
61337
63258
62061
62404
62600
62647
64076
62665
63323
62415
61764
62699
61960
63886
62077
64795
65539
61464
62041
61811
64713
61545
61991
62973
65863
64164
61822
61460
63953
62313
63807
63366
65015
64126
64573
61771
61614
65570
64763
63594
65157
62281
64655
61418
65106
63544
63436
64309
63562
61364
61165
64910
61602
63213
64707
63377
62795
65971
62621
65058
62505
63042
61398
61161
65453
64600
64646
66203
61511
65030
63676
64435
64046
62437
63513
61390
64228
61532
61847
61822
62285
62570
63543
64371
62508
64718
65226
62630
62862
61505
63452
61700
61974
63880
66400
63280
62132
63457
62328
65920
64039
63031
63905
63582
61700
61753
62078
66085
64531
61755
61786
62665
62395
61774
62294
61588
65182
65915
61696
61711
65356
64383
63423]
